time,pow_blocks,pos_blocks,fpos_blocks,all_blocks
2017-03-09 00:00:21,689,0,0,689
2017-03-10 01:44:18,457,3,0,460
2017-03-11 00:00:38,429,125,0,554
2017-03-12 00:01:09,710,133,43,886
2017-03-13 00:00:01,667,168,36,871
2017-03-14 00:01:28,678,226,219,1123
2017-03-15 00:00:22,712,197,226,1135
2017-03-16 00:00:05,702,192,213,1107
2017-03-17 00:00:22,698,178,221,1097
2017-03-18 00:01:43,696,165,232,1093
2017-03-19 00:02:57,698,193,218,1109
2017-03-20 00:00:18,703,178,235,1116
2017-03-21 00:01:32,692,188,216,1096
2017-03-22 00:02:15,703,177,236,1116
2017-03-23 00:00:58,691,185,213,1089
2017-03-24 00:00:16,696,183,213,1092
2017-03-25 00:01:24,706,180,226,1112
2017-03-26 00:02:10,700,198,237,1135
2017-03-27 00:00:50,720,186,232,1138
2017-03-28 00:00:23,693,207,246,1146
2017-03-29 00:01:11,710,188,259,1157
2017-03-30 00:00:38,699,199,241,1139
2017-03-31 00:00:55,698,199,251,1148
2017-04-01 00:01:39,739,189,253,1181
2017-04-02 00:00:54,673,187,242,1102
2017-04-03 00:00:59,686,192,174,1052
2017-04-04 00:00:40,525,195,255,975
2017-04-05 00:07:47,599,187,259,1045
2017-04-06 00:00:57,633,189,252,1074
2017-04-07 00:00:08,533,203,254,990
2017-04-08 00:10:26,471,192,265,928
2017-04-09 00:00:26,314,195,270,779
2017-04-10 00:09:04,0,203,300,503
2017-04-11 00:05:56,168,199,292,659
2017-04-12 00:01:18,461,194,264,919
2017-04-13 00:00:53,610,184,261,1055
2017-04-14 00:06:10,102,188,248,538
2017-04-15 00:00:01,610,191,244,1045
2017-04-16 00:00:02,631,188,256,1075
2017-04-17 00:00:41,695,185,241,1121
2017-04-18 00:00:55,679,191,238,1108
2017-04-19 00:00:59,655,191,248,1094
2017-04-20 00:00:39,695,184,265,1144
2017-04-21 00:02:55,541,185,273,999
2017-04-22 00:03:55,483,186,250,919
2017-04-23 00:01:10,676,193,253,1122
2017-04-24 00:03:08,678,187,264,1129
2017-04-25 00:01:10,675,186,241,1102
2017-04-26 00:00:56,527,195,242,964
2017-04-27 00:02:43,644,188,245,1077
2017-04-28 00:00:26,746,191,243,1180
2017-04-29 00:00:05,668,187,240,1095
2017-04-30 00:06:40,686,187,237,1110
2017-05-01 00:01:31,707,192,247,1146
2017-05-02 00:03:18,681,189,238,1108
2017-05-03 00:01:47,717,189,254,1160
2017-05-04 00:05:36,685,184,246,1115
2017-05-05 00:00:24,678,184,252,1114
2017-05-06 00:02:55,694,191,254,1139
2017-05-07 00:00:21,705,190,251,1146
2017-05-08 00:00:06,698,181,239,1118
2017-05-09 00:00:56,696,183,251,1130
2017-05-10 00:00:14,694,178,239,1111
2017-05-11 00:02:47,702,183,236,1121
2017-05-12 00:00:01,688,193,226,1107
2017-05-13 00:00:38,713,186,249,1148
2017-05-14 00:05:31,692,187,254,1133
2017-05-15 00:00:16,715,179,252,1146
2017-05-16 00:01:13,686,189,247,1122
2017-05-17 00:00:09,697,189,237,1123
2017-05-18 00:01:23,696,184,254,1134
2017-05-19 00:00:31,682,213,262,1157
2017-05-20 00:00:30,700,190,271,1161
2017-05-21 00:00:03,705,185,259,1149
2017-05-22 00:00:12,694,185,241,1120
2017-05-23 00:02:27,690,193,246,1129
2017-05-24 00:00:26,690,182,259,1131
2017-05-25 00:00:44,677,194,283,1154
2017-05-26 00:05:29,692,187,265,1144
2017-05-27 00:01:02,694,184,246,1124
2017-05-28 00:00:11,700,186,258,1144
2017-05-29 00:00:15,702,200,263,1165
2017-05-30 00:00:10,688,188,260,1136
2017-05-31 00:04:50,679,196,262,1137
2017-06-01 00:08:55,680,182,270,1132
2017-06-02 00:01:41,668,185,261,1114
2017-06-03 00:24:32,658,201,252,1111
2017-06-04 00:06:45,578,177,245,1000
2017-06-05 00:02:42,471,194,259,924
2017-06-06 00:00:18,558,185,249,992
2017-06-07 00:01:45,575,193,263,1031
2017-06-08 00:00:06,611,184,271,1066
2017-06-09 00:03:00,491,182,254,927
2017-06-10 00:01:57,638,192,255,1085
2017-06-11 00:00:50,674,180,276,1130
2017-06-12 00:01:46,624,192,268,1084
2017-06-13 00:00:39,601,192,262,1055
2017-06-14 00:00:30,542,182,279,1003
2017-06-15 00:03:51,593,177,266,1036
2017-06-16 00:00:13,445,183,261,889
2017-06-17 00:05:06,486,179,262,927
2017-06-18 00:06:10,461,190,242,893
2017-06-19 00:01:04,579,188,248,1015
2017-06-20 00:00:02,546,185,255,986
2017-06-21 00:05:37,629,202,253,1084
2017-06-22 00:00:30,638,183,270,1091
2017-06-23 00:00:39,657,188,253,1098
2017-06-24 00:03:48,560,197,256,1013
2017-06-25 00:00:52,333,184,263,780
2017-06-26 00:06:30,524,192,252,968
2017-06-27 00:00:16,543,181,251,975
2017-06-28 00:00:40,544,190,243,977
2017-06-29 00:00:01,534,196,256,986
2017-06-30 00:02:51,612,186,260,1058
2017-07-01 00:06:53,541,190,269,1000
2017-07-02 00:00:15,567,189,258,1014
2017-07-03 00:00:14,573,198,230,1001
2017-07-04 00:02:43,465,187,263,915
2017-07-05 00:01:27,529,191,261,981
2017-07-06 00:03:37,528,193,259,980
2017-07-07 00:00:40,338,181,258,777
2017-07-08 00:00:11,571,193,255,1019
2017-07-09 00:00:06,545,192,271,1008
2017-07-10 00:01:42,562,191,260,1013
2017-07-11 00:01:09,695,190,261,1146
2017-07-12 00:08:24,618,196,262,1076
2017-07-13 00:00:58,533,198,250,981
2017-07-14 00:01:58,604,183,265,1052
2017-07-15 00:05:07,483,183,272,938
2017-07-16 00:00:23,433,201,267,901
2017-07-17 00:11:26,375,198,268,841
2017-07-18 00:02:46,307,189,270,766
2017-07-19 00:07:14,484,195,270,949
2017-07-20 00:02:20,612,188,261,1061
2017-07-21 00:09:25,379,200,269,848
2017-07-22 00:04:44,590,194,260,1044
2017-07-23 00:08:09,621,207,251,1079
2017-07-24 00:00:34,537,194,241,972
2017-07-25 00:00:00,552,191,264,1007
2017-07-26 00:13:36,535,252,258,1045
2017-07-27 00:00:32,492,191,269,952
2017-07-28 00:01:08,642,191,266,1099
2017-07-29 00:01:38,632,197,261,1090
2017-07-30 00:04:37,625,188,258,1071
2017-07-31 00:08:15,602,194,275,1071
2017-08-01 00:07:42,609,185,258,1052
2017-08-02 00:02:17,589,206,254,1049
2017-08-03 00:03:23,707,190,276,1173
2017-08-04 00:10:27,665,194,257,1116
2017-08-05 00:09:42,610,200,274,1084
2017-08-06 00:01:06,643,182,261,1086
2017-08-07 00:00:26,670,188,260,1118
2017-08-08 00:00:14,643,190,247,1080
2017-08-09 00:01:13,594,239,260,1093
2017-08-10 00:02:10,663,181,260,1104
2017-08-11 00:03:58,647,197,262,1106
2017-08-12 00:05:50,632,190,252,1074
2017-08-13 00:03:35,660,188,249,1097
2017-08-14 00:00:09,652,203,255,1110
2017-08-15 00:04:03,659,190,260,1109
2017-08-16 00:03:48,642,190,256,1088
2017-08-17 00:00:13,640,194,244,1078
2017-08-18 00:01:41,644,189,259,1092
2017-08-19 00:03:07,635,194,241,1070
2017-08-20 00:00:56,620,192,266,1078
2017-08-21 00:03:52,617,193,266,1076
2017-08-22 00:05:15,614,179,261,1054
2017-08-23 00:14:06,616,200,258,1074
2017-08-24 00:00:21,602,174,264,1040
2017-08-25 00:00:22,656,185,255,1096
2017-08-26 00:03:47,622,197,246,1065
2017-08-27 00:01:08,681,186,242,1109
2017-08-28 00:01:51,671,199,254,1124
2017-08-29 00:00:03,681,186,260,1127
2017-08-30 00:02:58,684,195,244,1123
2017-08-31 00:00:47,666,191,255,1112
2017-09-01 00:07:10,625,193,253,1071
2017-09-02 00:00:04,637,182,267,1086
2017-09-03 00:02:01,645,191,264,1100
2017-09-04 00:00:58,623,199,252,1074
2017-09-05 00:00:17,671,193,258,1122
2017-09-06 00:00:16,685,184,254,1123
2017-09-07 00:00:03,670,195,265,1130
2017-09-08 00:00:05,673,190,268,1131
2017-09-09 00:00:18,687,187,257,1131
2017-09-10 00:02:40,675,192,254,1121
2017-09-11 00:00:10,677,193,252,1122
2017-09-12 00:00:39,688,188,257,1133
2017-09-13 00:02:03,686,203,257,1146
2017-09-14 00:03:00,672,179,262,1113
2017-09-15 00:01:02,674,186,267,1127
2017-09-16 00:02:04,692,194,262,1148
2017-09-17 00:00:15,708,185,258,1151
2017-09-18 00:01:33,701,194,243,1138
2017-09-19 00:00:05,703,183,259,1145
2017-09-20 00:01:47,681,198,238,1117
2017-09-21 00:00:32,666,185,278,1129
2017-09-22 00:00:16,676,195,258,1129
2017-09-23 00:00:28,686,193,260,1139
2017-09-24 00:00:20,708,197,252,1157
2017-09-25 00:00:08,697,184,250,1131
2017-09-26 00:09:38,703,196,251,1150
2017-09-27 00:05:35,672,181,243,1096
2017-09-28 00:03:56,670,189,252,1111
2017-09-29 00:08:13,662,190,244,1096
2017-09-30 00:01:19,665,187,268,1120
2017-10-01 00:03:11,667,192,260,1119
2017-10-02 00:01:16,681,196,254,1131
2017-10-03 00:02:46,695,178,253,1126
2017-10-04 00:01:46,696,186,239,1121
2017-10-05 00:02:16,697,195,265,1157
2017-10-06 00:01:19,684,177,262,1123
2017-10-07 00:01:07,686,187,261,1134
2017-10-08 00:01:43,685,191,251,1127
2017-10-09 00:01:16,690,193,262,1145
2017-10-10 00:00:28,711,191,251,1153
2017-10-11 00:01:35,706,198,212,1116
2017-10-12 00:00:15,712,177,257,1146
2017-10-13 00:00:43,695,192,280,1167
2017-10-14 00:05:14,694,198,243,1135
2017-10-15 00:00:00,708,187,236,1131
2017-10-16 00:01:43,710,189,254,1153
2017-10-17 00:05:04,728,193,247,1168
2017-10-18 00:00:49,727,187,225,1139
2017-10-19 00:01:58,714,181,246,1141
2017-10-20 00:00:42,715,190,250,1155
2017-10-21 00:00:49,721,186,258,1165
2017-10-22 00:00:25,734,184,254,1172
2017-10-23 00:00:31,726,191,255,1172
2017-10-24 00:01:20,747,191,268,1206
2017-10-25 00:00:31,739,191,249,1179
2017-10-26 00:05:34,730,212,261,1203
2017-10-27 00:00:58,737,185,263,1185
2017-10-28 00:01:52,712,183,241,1136
2017-10-29 00:01:22,759,191,255,1205
2017-10-30 00:00:55,761,196,236,1193
2017-10-31 00:00:22,736,180,263,1179
2017-11-01 00:03:37,719,186,247,1152
2017-11-02 00:00:46,722,184,251,1157
2017-11-03 00:03:40,704,185,253,1142
2017-11-04 00:01:10,704,196,241,1141
2017-11-05 00:03:16,707,186,238,1131
2017-11-06 00:00:46,728,192,262,1182
2017-11-07 00:00:07,706,194,263,1163
2017-11-08 00:01:02,691,181,273,1145
2017-11-09 00:01:56,704,177,269,1150
2017-11-10 00:01:49,724,187,276,1187
2017-11-11 00:01:06,707,189,254,1150
2017-11-12 00:00:51,728,196,261,1185
2017-11-13 00:00:27,704,177,250,1131
2017-11-14 00:04:00,709,193,271,1173
2017-11-15 00:00:19,693,215,324,1232
2017-11-16 00:01:00,721,181,295,1197
2017-11-17 00:00:51,683,191,243,1117
2017-11-18 00:05:22,706,195,253,1154
2017-11-19 00:04:40,705,185,261,1151
2017-11-20 00:00:34,717,173,263,1153
2017-11-21 00:04:45,713,190,258,1161
2017-11-22 00:00:56,706,189,251,1146
2017-11-23 00:01:42,731,189,253,1173
2017-11-24 00:06:25,712,183,249,1144
2017-11-25 00:00:31,742,188,261,1191
2017-11-26 00:00:40,682,186,265,1133
2017-11-27 00:06:26,717,192,239,1148
2017-11-28 00:00:05,737,185,250,1172
2017-11-29 00:01:23,719,186,248,1153
2017-11-30 00:00:19,733,188,259,1180
2017-12-01 00:00:13,710,189,241,1140
2017-12-02 00:00:22,729,194,246,1169
2017-12-03 00:01:30,727,183,256,1166
2017-12-04 00:02:01,731,193,252,1176
2017-12-05 00:00:22,738,182,252,1172
2017-12-06 00:00:37,747,202,271,1220
2017-12-07 00:01:06,745,169,262,1176
2017-12-08 00:06:48,765,189,249,1203
2017-12-09 00:00:43,734,214,255,1203
2017-12-10 00:02:15,727,196,245,1168
2017-12-11 00:02:32,776,183,250,1209
2017-12-12 00:01:02,789,198,239,1226
2017-12-13 00:00:41,792,180,242,1214
2017-12-14 00:00:44,780,179,254,1213
2017-12-15 00:00:49,764,188,259,1211
2017-12-16 00:00:14,730,185,246,1161
2017-12-17 00:02:10,753,189,247,1189
2017-12-18 00:00:15,783,199,259,1241
2017-12-19 00:02:38,802,216,242,1260
2017-12-20 00:01:43,771,191,240,1202
2017-12-21 00:02:05,766,185,258,1209
2017-12-22 00:00:38,793,186,248,1227
2017-12-23 08:56:31,411,81,108,600
2017-12-24 01:49:29,0,116,76,192
2017-12-25 00:02:48,0,163,192,355
2017-12-26 00:00:47,766,204,240,1210
2017-12-27 00:08:30,694,182,226,1102
2017-12-28 00:03:59,683,184,224,1091
2017-12-29 00:00:06,698,178,232,1108
2017-12-30 00:02:04,683,178,229,1090
2017-12-31 00:01:54,646,184,233,1063
2018-01-01 00:03:54,678,181,238,1097
2018-01-02 00:00:40,673,177,231,1081
2018-01-03 00:01:02,600,177,226,1003
2018-01-04 00:02:44,663,190,210,1063
2018-01-05 00:02:51,665,185,218,1068
2018-01-06 00:02:35,662,185,220,1067
2018-01-07 00:00:30,669,185,221,1075
2018-01-08 00:04:42,672,181,221,1074
2018-01-09 00:05:09,667,182,215,1064
2018-01-10 00:00:45,642,173,234,1049
2018-01-11 00:02:34,672,193,224,1089
2018-01-12 00:02:18,640,177,226,1043
2018-01-13 00:01:52,669,184,220,1073
2018-01-14 00:05:15,665,178,215,1058
2018-01-15 00:00:43,667,188,236,1091
2018-01-16 00:01:46,676,176,223,1075
2018-01-17 00:04:10,651,187,225,1063
2018-01-18 00:01:40,673,188,217,1078
2018-01-19 00:00:09,665,182,223,1070
2018-01-20 00:02:59,659,177,221,1057
2018-01-21 00:06:02,668,183,213,1064
2018-01-22 00:05:52,671,187,216,1074
2018-01-23 00:00:27,653,175,229,1057
2018-01-24 00:00:01,654,188,221,1063
2018-01-25 00:00:15,674,184,224,1082
2018-01-26 00:00:51,656,174,232,1062
2018-01-27 00:02:38,661,185,226,1072
2018-01-28 00:02:49,665,184,228,1077
2018-01-29 00:01:20,671,181,223,1075
2018-01-30 00:00:20,666,185,225,1076
2018-01-31 00:00:13,665,186,220,1071
2018-02-01 00:00:24,678,178,228,1084
2018-02-02 00:03:46,668,185,227,1080
2018-02-03 00:00:22,659,179,209,1047
2018-02-04 00:00:44,657,185,228,1070
2018-02-05 00:01:29,674,178,232,1084
2018-02-06 00:08:05,669,191,207,1067
2018-02-07 00:02:13,671,176,223,1070
2018-02-08 00:01:35,656,188,226,1070
2018-02-09 00:05:34,662,183,221,1066
2018-02-10 00:00:36,669,181,233,1083
2018-02-11 00:00:20,656,185,215,1056
2018-02-12 00:04:24,675,178,220,1073
2018-02-13 00:00:15,660,185,227,1072
2018-02-14 00:02:56,669,187,215,1071
2018-02-15 00:00:44,660,174,223,1057
2018-02-16 00:01:55,692,184,230,1106
2018-02-17 00:01:41,659,186,218,1063
2018-02-18 00:02:16,658,181,209,1048
2018-02-19 00:00:32,669,208,237,1114
2018-02-20 00:15:42,643,182,207,1032
2018-02-21 00:04:17,640,184,227,1051
2018-02-22 00:00:16,657,184,222,1063
2018-02-23 00:00:31,669,174,229,1072
2018-02-24 00:00:23,678,186,227,1091
2018-02-25 00:08:42,653,184,220,1057
2018-02-26 00:06:13,629,184,224,1037
2018-02-27 00:03:17,628,187,227,1042
2018-02-28 00:00:04,653,175,221,1049
2018-03-01 00:00:19,641,183,226,1050
2018-03-02 00:01:15,660,183,223,1066
2018-03-03 00:02:38,642,171,221,1034
2018-03-04 00:01:56,642,188,211,1041
2018-03-05 00:06:18,610,185,224,1019
2018-03-06 00:00:46,613,187,216,1016
2018-03-07 00:00:48,642,178,217,1037
2018-03-08 00:01:13,618,189,227,1034
2018-03-09 00:02:20,641,176,231,1048
2018-03-10 00:05:43,642,180,217,1039
2018-03-11 00:01:35,665,181,224,1070
2018-03-12 00:03:33,664,186,217,1067
2018-03-13 00:03:15,667,175,218,1060
2018-03-14 00:00:19,680,188,216,1084
2018-03-15 00:01:26,682,181,230,1093
2018-03-16 00:03:56,669,180,240,1089
2018-03-17 00:00:05,675,176,218,1069
2018-03-18 00:04:24,675,191,208,1074
2018-03-19 00:02:35,678,182,231,1091
2018-03-20 00:07:39,687,181,222,1090
2018-03-21 00:06:24,671,205,231,1107
2018-03-22 00:04:11,677,205,220,1102
2018-03-23 00:00:17,681,186,216,1083
2018-03-24 00:03:19,680,185,228,1093
2018-03-25 00:00:05,681,178,222,1081
2018-03-26 00:04:42,682,193,221,1096
2018-03-27 00:00:26,681,175,205,1061
2018-03-28 00:00:32,692,187,222,1101
2018-03-29 00:02:28,659,183,236,1078
2018-03-30 00:00:01,668,182,220,1070
2018-03-31 00:00:02,661,184,225,1070
2018-04-01 00:01:48,673,191,213,1077
2018-04-02 00:00:18,678,173,235,1086
2018-04-03 00:02:36,667,183,219,1069
2018-04-04 00:00:59,675,171,236,1082
2018-04-05 00:03:29,676,193,221,1090
2018-04-06 00:01:46,692,182,226,1100
2018-04-07 00:00:33,687,185,227,1099
2018-04-08 00:00:19,695,185,227,1107
2018-04-09 00:01:33,688,177,239,1104
2018-04-10 00:00:00,690,177,221,1088
2018-04-11 00:02:33,677,179,213,1069
2018-04-12 00:03:13,677,184,223,1084
2018-04-13 00:05:41,679,193,215,1087
2018-04-14 00:00:23,683,182,228,1093
2018-04-15 00:01:50,671,185,213,1069
2018-04-16 00:02:22,671,196,218,1085
2018-04-17 00:00:06,678,183,211,1072
2018-04-18 00:01:36,684,187,225,1096
2018-04-19 00:01:18,677,178,225,1080
2018-04-20 00:00:04,684,185,228,1097
2018-04-21 00:08:51,684,186,219,1089
2018-04-22 00:06:43,663,183,213,1059
2018-04-23 00:00:41,672,182,228,1082
2018-04-24 00:01:31,677,177,228,1082
2018-04-25 00:00:26,665,189,218,1072
2018-04-26 00:00:35,673,185,226,1084
2018-04-27 00:06:48,669,187,214,1070
2018-04-28 00:01:41,669,185,217,1071
2018-04-29 00:03:04,658,179,222,1059
2018-04-30 00:02:30,664,182,225,1071
2018-05-01 00:02:36,669,186,215,1070
2018-05-02 00:01:00,680,195,214,1089
2018-05-03 00:04:27,678,185,220,1083
2018-05-04 00:00:52,661,176,209,1046
2018-05-05 00:03:41,668,186,218,1072
2018-05-06 00:00:00,665,179,230,1074
2018-05-07 00:07:32,668,186,221,1075
2018-05-08 00:05:51,673,178,223,1074
2018-05-09 00:00:39,682,184,221,1087
2018-05-10 00:01:33,678,178,219,1075
2018-05-11 00:03:07,675,188,220,1083
2018-05-12 00:00:46,684,186,229,1099
2018-05-13 00:04:42,672,186,213,1071
2018-05-14 00:01:46,687,178,231,1096
2018-05-15 00:02:48,672,182,214,1068
2018-05-16 00:03:16,654,184,231,1069
2018-05-17 00:01:30,661,185,216,1062
2018-05-18 00:00:25,665,186,220,1071
2018-05-19 00:00:10,650,173,241,1064
2018-05-20 00:00:28,646,183,222,1051
2018-05-21 00:01:50,678,187,222,1087
2018-05-22 00:02:39,681,192,219,1092
2018-05-23 00:01:00,673,185,224,1082
2018-05-24 00:01:10,661,179,221,1061
2018-05-25 00:00:45,651,188,225,1064
2018-05-26 00:01:30,653,182,227,1062
2018-05-27 00:03:19,652,175,218,1045
2018-05-28 00:01:51,656,191,227,1074
2018-05-29 00:00:46,657,181,219,1057
2018-05-30 00:01:05,656,186,228,1070
2018-05-31 00:04:06,671,176,231,1078
2018-06-01 00:02:00,675,178,222,1075
2018-06-02 00:04:29,659,184,215,1058
2018-06-03 00:06:03,677,187,225,1089
2018-06-04 00:00:26,674,180,230,1084
2018-06-05 00:01:21,670,185,232,1087
2018-06-06 00:01:10,662,201,223,1086
2018-06-07 00:00:40,671,182,224,1077
2018-06-08 00:01:19,651,180,229,1060
2018-06-09 00:00:03,651,188,221,1060
2018-06-10 00:00:45,645,189,222,1056
2018-06-11 00:03:51,666,175,239,1080
2018-06-12 00:03:27,679,183,217,1079
2018-06-13 00:00:04,662,184,221,1067
2018-06-14 00:03:12,673,197,223,1093
2018-06-15 00:00:03,670,182,214,1066
2018-06-16 00:00:07,684,183,227,1094
2018-06-17 00:04:36,667,184,228,1079
2018-06-18 00:00:43,672,204,231,1107
2018-06-19 00:00:42,681,171,220,1072
2018-06-20 00:01:30,675,182,222,1079
2018-06-21 00:05:13,681,184,231,1096
2018-06-22 00:01:11,676,185,201,1062
2018-06-23 00:01:22,690,186,221,1097
2018-06-24 00:02:14,675,181,217,1073
2018-06-25 00:01:27,675,182,229,1086
2018-06-26 00:00:09,674,184,208,1066
2018-06-27 00:00:31,676,189,218,1083
2018-06-28 00:01:26,668,176,203,1047
2018-06-29 00:01:15,672,192,226,1090
2018-06-30 00:00:17,663,177,208,1048
2018-07-01 00:01:24,656,188,221,1065
2018-07-02 00:02:25,664,184,223,1071
2018-07-03 00:00:15,660,186,226,1072
2018-07-04 00:03:24,660,177,227,1064
2018-07-05 00:00:00,672,177,235,1084
2018-07-06 00:13:11,665,186,214,1065
2018-07-07 00:03:31,663,177,225,1065
2018-07-08 00:00:30,654,184,227,1065
2018-07-09 00:00:50,648,183,226,1057
2018-07-10 00:01:12,661,192,203,1056
2018-07-11 00:00:44,657,181,232,1070
2018-07-12 00:00:03,667,163,227,1057
2018-07-13 00:00:11,650,191,234,1075
2018-07-14 00:00:09,664,180,221,1065
2018-07-15 00:00:50,664,186,228,1078
2018-07-16 00:01:43,683,184,212,1079
2018-07-17 00:00:27,679,181,221,1081
2018-07-18 00:03:13,669,187,225,1081
2018-07-19 00:00:28,677,181,218,1076
2018-07-20 00:03:57,683,174,236,1093
2018-07-21 00:05:22,648,182,225,1055
2018-07-22 00:00:40,684,190,220,1094
2018-07-23 00:13:25,668,183,229,1080
2018-07-24 00:01:26,666,180,231,1077
2018-07-25 00:01:15,669,189,223,1081
2018-07-26 00:00:04,680,178,231,1089
2018-07-27 00:00:12,662,180,218,1060
2018-07-28 00:01:49,666,187,218,1071
2018-07-29 00:00:20,681,186,223,1090
2018-07-30 00:00:20,681,180,223,1084
2018-07-31 00:02:12,671,179,241,1091
2018-08-01 00:00:32,678,184,226,1088
2018-08-02 00:01:50,691,177,226,1094
2018-08-03 00:00:33,685,185,218,1088
2018-08-04 00:00:11,681,175,223,1079
2018-08-05 00:01:06,695,184,222,1101
2018-08-06 00:01:42,685,191,213,1089
2018-08-07 00:05:12,688,187,225,1100
2018-08-08 00:00:37,682,189,216,1087
2018-08-09 00:03:08,674,183,214,1071
2018-08-10 00:01:26,686,183,239,1108
2018-08-11 00:03:19,678,187,230,1095
2018-08-12 00:01:50,665,174,237,1076
2018-08-13 00:02:51,663,177,220,1060
2018-08-14 00:09:43,663,188,219,1070
2018-08-15 00:00:09,664,182,220,1066
2018-08-16 00:02:33,685,178,217,1080
2018-08-17 00:10:31,683,176,229,1088
2018-08-18 00:00:17,689,184,212,1085
2018-08-19 00:01:27,692,181,231,1104
2018-08-20 00:00:28,689,185,227,1101
2018-08-21 00:01:31,685,182,217,1084
2018-08-22 00:04:12,680,185,217,1082
2018-08-23 00:00:17,681,184,209,1074
2018-08-24 00:00:29,697,183,208,1088
2018-08-25 00:00:49,694,180,224,1098
2018-08-26 00:13:56,682,186,219,1087
2018-08-27 00:02:39,680,179,224,1083
2018-08-28 00:03:04,704,186,217,1107
2018-08-29 00:00:35,693,180,214,1087
2018-08-30 00:03:02,677,183,229,1089
2018-08-31 00:00:05,679,185,228,1092
2018-09-01 00:00:34,686,178,233,1097
2018-09-02 00:00:28,670,182,219,1071
2018-09-03 00:02:28,670,176,231,1077
2018-09-04 00:01:57,680,189,207,1076
2018-09-05 00:02:09,688,182,235,1105
2018-09-06 00:01:21,687,186,222,1095
2018-09-07 00:06:13,694,184,216,1094
2018-09-08 00:00:05,684,170,228,1082
2018-09-09 00:02:52,684,189,220,1093
2018-09-10 00:00:05,687,180,232,1099
2018-09-11 00:00:04,661,180,222,1063
2018-09-12 00:01:10,676,184,226,1086
2018-09-13 00:00:03,665,175,212,1052
2018-09-14 00:01:14,659,184,203,1046
2018-09-15 00:03:02,658,205,219,1082
2018-09-16 00:00:47,655,178,223,1056
2018-09-17 00:01:34,663,178,230,1071
2018-09-18 00:00:02,619,190,216,1025
2018-09-19 00:02:59,679,179,229,1087
2018-09-20 00:01:26,656,188,220,1064
2018-09-21 00:00:09,663,178,232,1073
2018-09-22 00:04:44,613,182,223,1018
2018-09-23 00:00:05,669,189,216,1074
2018-09-24 00:04:50,668,180,221,1069
2018-09-25 00:00:49,653,188,225,1066
2018-09-26 00:00:42,661,173,217,1051
2018-09-27 00:02:11,660,188,215,1063
2018-09-28 00:01:44,663,182,226,1071
2018-09-29 00:02:01,671,184,219,1074
2018-09-30 00:01:08,681,178,216,1075
2018-10-01 00:00:24,670,188,169,1027
2018-10-02 00:00:24,668,182,220,1070
2018-10-03 00:06:57,674,183,239,1096
2018-10-04 00:00:14,676,181,228,1085
2018-10-05 00:00:01,669,185,231,1085
2018-10-06 00:00:55,682,180,226,1088
2018-10-07 00:00:23,680,182,224,1086
2018-10-08 00:00:39,672,181,228,1081
2018-10-09 00:00:55,653,181,234,1068
2018-10-10 00:00:16,667,184,221,1072
2018-10-11 00:00:00,675,185,225,1085
2018-10-12 00:03:28,636,183,221,1040
2018-10-13 00:00:12,641,180,230,1051
2018-10-14 00:04:37,551,165,218,934
2018-10-15 00:05:10,607,183,224,1014
2018-10-16 00:02:30,618,185,227,1030
2018-10-17 00:01:59,597,181,225,1003
2018-10-18 00:00:17,608,180,223,1011
2018-10-19 00:07:28,635,194,225,1054
2018-10-20 00:01:52,657,178,225,1060
2018-10-21 00:05:23,669,189,233,1091
2018-10-22 00:06:34,670,182,231,1083
2018-10-23 00:07:02,674,182,229,1085
2018-10-24 00:01:10,655,185,227,1067
2018-10-25 00:00:45,654,188,228,1070
2018-10-26 00:03:59,666,180,231,1077
2018-10-27 00:00:10,668,185,229,1082
2018-10-28 00:03:35,662,187,229,1078
2018-10-29 00:00:17,658,184,214,1056
2018-10-30 00:02:48,568,182,223,973
2018-10-31 00:04:51,646,190,219,1055
2018-11-01 00:00:36,663,181,222,1066
2018-11-02 00:01:55,664,189,222,1075
2018-11-03 00:07:18,669,184,228,1081
2018-11-04 00:00:14,671,177,224,1072
2018-11-05 00:02:07,644,181,227,1052
2018-11-06 00:06:42,651,189,228,1068
2018-11-07 00:00:12,653,179,229,1061
2018-11-08 00:00:49,641,185,220,1046
2018-11-09 00:01:29,632,185,224,1041
2018-11-10 00:01:36,653,177,220,1050
2018-11-11 00:07:34,652,188,226,1066
2018-11-12 00:00:09,621,176,237,1034
2018-11-13 00:07:35,646,183,233,1062
2018-11-14 00:02:36,653,189,222,1064
2018-11-15 00:00:19,652,178,224,1054
2018-11-16 00:01:24,647,189,227,1063
2018-11-17 00:01:06,653,183,226,1062
2018-11-18 00:00:34,657,174,229,1060
2018-11-19 00:00:03,659,190,222,1071
2018-11-20 00:04:11,659,178,231,1068
2018-11-21 00:08:07,631,182,232,1045
2018-11-22 00:09:25,662,182,217,1061
2018-11-23 00:00:32,646,185,230,1061
2018-11-24 00:00:22,657,182,233,1072
2018-11-25 00:02:41,667,182,226,1075
2018-11-26 00:01:36,657,188,218,1063
2018-11-27 00:00:02,678,183,219,1080
2018-11-28 00:00:08,674,187,213,1074
2018-11-29 00:09:28,682,184,222,1088
2018-11-30 00:13:52,675,186,244,1105
2018-12-01 00:02:13,667,180,227,1074
2018-12-02 00:01:53,672,183,232,1087
2018-12-03 00:03:17,689,185,230,1104
2018-12-04 00:01:24,685,189,223,1097
2018-12-05 00:00:56,679,181,226,1086
2018-12-06 00:00:12,683,181,217,1081
2018-12-07 00:00:15,682,188,224,1094
2018-12-08 00:00:31,682,183,226,1091
